"Taint analysis NodeRED",,"warning","FLOW_DESCR_START::Source: data;revpi-dio.js:41[48:51];Sink: ""err: "" ...  + "" :"";revpi-dio.js:43[22:42]::FLOW_DESCR_END","/revpi-dio.js","41","48","41","51"
"Taint analysis NodeRED",,"warning","FLOW_DESCR_START::Source: data;revpi-dio.js:145[52:55];Sink: ""err: "" ...  + "" :"";revpi-dio.js:147[26:46]::FLOW_DESCR_END","/revpi-dio.js","145","52","145","55"
