"Taint analysis NodeRED",,"warning","FLOW_DESCR_START::Source: msg;MTConnectMQTTAgent_DataLogger.js:24[35:37];Sink: msg;MTConnectMQTTAgent_DataLogger.js:50[27:29]::FLOW_DESCR_END
FLOW_DESCR_START::Source: msg;MTConnectMQTTAgent_DataLogger.js:24[35:37];Sink: msg;MTConnectMQTTAgent_DataLogger.js:53[41:43]::FLOW_DESCR_END","/MTConnectMQTTAgent_DataLogger.js","24","35","24","37"
